0 0 1 2 3 4 5 6 2 0
0 0 1 2 3 4 5 6 2 0
0 0 1 2 3 4 5 6 2 0
0 0 1 2 3 4 5 6 2 0
0 0 1 2 3 4 5 6 2 0
0 0 1 2 3 4 5 6 2 0
0 1 2 4 6 8 10 11 5 0 10 0 10 0 10 0 10 0 10 0
0 1 2 4 6 8 10 11 5 0 10 0 10 0 10 0 10 0 10 0
0 1 2 4 6 8 10 11 5 0 10 0 10 0 10 0 10 0 10 0
0 1 2 4 6 8 10 11 5 0 10 0 10 0 10 0 10 0 10 0
0 1 2 4 6 8 10 11 5 0 10 0 10 0 10 0 10 0 10 0
0 1 2 4 6 8 10 11 5 0 10 0 10 0 10 0 10 0 10 0
0 1 2 4 6 8 10 11 5 0 10 0 10 0 10 0 10 0 10 0
0 1 2 4 6 8 10 11 5 0 10 0 10 0 10 0 10 0 10 0
0 1 2 4 6 8 10 11 5 0 10 0 10 0 10 0 10 0 10 0
0 1 2 4 6 8 10 11 5 0 10 0 10 0 10 0 10 0 10 0
0 1 2 4 6 8 10 11 5 0 10 0 10 0 10 0 10 0 10 0
0 1 2 4 6 8 10 11 5 0 10 0 10 0 10 0 10 0 10 0
0 1 2 4 6 8 10 11 5 0 10 0 10 0 10 0 10 0 10 0
0 1 2 4 6 8 10 11 5 0 10 0 10 0 10 0 10 0 10 0
0 1 2 4 6 8 10 11 5 0 10 0 10 0 10 0 10 0 10 0
0 1 2 4 6 8 10 11 5 0 10 0 10 0 10 0 10 0 10 0
0 1 2 4 6 8 10 11 5 0 10 0 10 0 10 0 10 0 10 0
0 0 1 2 3 4 5 6 2 0
0 0 1 2 3 4 5 6 2 0
0 0 1 2 3 4 5 6 2 0
0 0 1 2 3 4 5 6 2 0
0 0 1 2 3 4 5 6 2 0
